6255152
6696480
3474415
3864641
3426466
3895816
4036650
8030642
3474414
3858677
3836350
1546558
3854981
3894483
3900333
3895113
2180815
7910045
3950166
7910061
6204696
3874982
6202181
7910058
4032966
3969858
3969755
1546748
7839673
7910050
3900700
3895642
7839372
2206894
8047985
3900190
7839371
2206900
3883629
6693563
2164669
2181997
6458708
3888892
7839675
7839668
2206357
3896774
3899463
3866923
2178068
7839826
6223705
3950116
3899629
3859502
3370726
7839456
8029812
6231571
6693593
3897724
3864185
7839461
7839547
7302484
3896105
3863882
2064562
7839426
7839721
7910039
3868339
3865436
6951112
1022108
7839618
7839452
7839730
2182017
3900687
3866985
3361934
1023672
7839514
7839632
2063038
2156785
3950062
3948970
3370331
1000543
7839848
2064553
7839652
7839742
3896946
3866396
3359736
969582
7839847
7839488
2063588
7839712
3899680
3860766
1014034
1011632
2079192
2075988
2061327
2146616
3895553
3863419
3365707
967542
2079026
7839418
2144817
2161314
3889317
3436062
3461399
3365164
1021040
7839625
7839600
2146971
2169728
6930873
3899191
3861001
7874557
3371201
994023
2068835
7839599
2064144
7839384
3895554
3865186
7570940
3356024
1002917
2078058
2058225
7839386
2152257
4030723
3870243
3862320
7692321
933657
933491
1067565
2061676
7839853
2077456
2178285
8261129
3848164
7619472
3355624
7908931
1078553
2074865
2076914
2162577
4034684
4030556
3899539
3437443
6322483
3353540
933633
1077349
2064768
7839681
2170081
4034188
3869716
3867411
6322151
3364236
933860
1072879
1061605
7839506
7839561
2156024
2141394
4032623
4036495
6621316
3452712
6322440
3356332
933288
1058390
1078601
2079492
2064403
2149900
2156688
7521417
2137735
4032283
4036467
3899887
3457113
3470451
3356213
933734
1076152
1060007
6620339
2064513
7839578
2141050
4032369
6621309
3867427
3467761
3371202
886748
1067531
7670857
1547511
7839513
7839682
7839399
2136825
4036024
4034036
6400502
3444176
3472164
3354077
933178
1043458
1058532
7839347
6255151
2167629
2194371
6620522
3934707
3905542
6323932
3354588
918009
1028434
1082639
2075720
2072064
7839395
2208267
4036017
4034688
3947437
3919413
3473268
3349096
917748
1052944
1081530
2073208
7839567
2208265
2204582
4030656
3935288
3933986
3453060
3465339
6930057
3347019
896140
1033356
1060283
7839857
7839408
2207364
2134898
2208266
4034778
3938527
3948917
6255150
3470409
3347762
913323
1047660
1068670
2063039
7839404
4034858
6667456
7535952
3474501
3472775
3351024
919814
1086131
1083724
7839375
2079582
2137421
3946818
3941583
3924679
3455079
3372346
913613
1051823
1071712
7304591
7839407
7839412
2204113
5881199
6254818
3938531
3479308
3479327
3346015
902620
877416
3939168
3924674
6323793
3474575
3467754
3346661
1105460
878455
2078138
7591860
7839398
2132895
2178753
4031110
4020109
6559994
3665474
3665202
3411892
3408096
2239861
217834
155921
7584771
7610554
2098329
2099101
2108502
7522183
3696448
3662761
3404478
3411913
6320490
2243598
214614
159492
8183752
7614694
2082539
2093691
2108857
7602508
3699544
3665210
3411873
3405061
2572137
2239001
214389
159179
7858362
8078021
2083549
2094144
3695753
3665430
3402916
3407011
3406334
2236967
215527
160192
7792535
1651226
2082430
2093059
3694112
3663693
3663142
3411874
3408337
2312393
211098
158006
7863189
6734345
1643084
1623197
2095101
3747803
3665168
3405051
3396601
2258378
2566971
214138
435764
241443
1633308
1632724
1975859
1643012
2100765
3818398
3671387
3754145
3395122
6317136
2399001
2257925
214575
6640202
1649150
1650213
1973780
1634614
2089693
3659210
3661894
3736812
3386279
2396924
2256895
214755
184570
1625929
1636426
1982200
1996549
2092164
3658948
3689982
3401225
3411162
2306774
2399959
7605645
200787
1214449
1640118
7473632
1627453
7521586
3657879
3660401
3666254
3394561
3411698
6295630
2402123
203717
400744
1337610
1213459
1625908
1967607
1636308
7626485
7521903
3689228
3687975
3407762
2411001
2255304
227605
187725
6705294
1631637
1966792
7627032
7601762
7521902
3792396
6851663
3664980
2306819
2396076
217570
187585
1337607
1213721
1748183
1643812
2110131
3688452
3671450
3405215
2566978
2235776
219563
200017
1337605
1213523
1630146
1644886
7627037
7576909
3792408
3792406
3377899
2278889
2595344
2233376
363656
331968
1337624
6705237
1778677
1635635
7306512
3673690
3690316
3661292
2278158
2306119
2231494
235826
342856
57000
1337619
6700995
6704108
7302815
1958107
7645384
7627089
7306522
3689325
6196086
3379023
2274275
2365560
2235669
238639
444188
51537
1337620
7510883
7603928
1957931
4038282
7627628
7667608
7306516
3704123
3795218
3379515
2409914
2368035
2230028
363885
344661
53707
7542695
7302494
1728675
1708262
7732415
7645754
7306526
3624198
3795152
3644646
2566569
2407089
2364079
2341955
373413
342567
58933
7304082
7511033
1726606
1729537
7670994
7645749
7306519
7306513
3623081
6612154
3645361
2595299
2408154
2597439
2565342
380308
337083
60147
7287889
7510871
1722579
1721082
7648112
7303514
2080115
3624822
3624955
8131514
3573604
2422968
2422383
2367164
2346995
370366
341397
52187
1267390
1153555
1571058
1730645
7306529
2080970
3620481
3623008
3756455
7521940
2374776
2578880
6930705
2347279
408660
345353
55223
1278023
1278647
1157662
1584071
1731798
7306511
7306518
3620390
3830308
3577282
2374311
7303936
6930709
2346788
369004
344923
73685
1270623
1309611
1586896
7521296
3595255
3618618
3748736
3576810
2413990
2460755
2597268
6777949
379555
339823
1277759
7621325
1581088
1732378
7874392
3816960
3830307
6690685
7910368
7602870
2455518
6930713
2440495
371745
448498
76699
6941937
1293625
1578500
7758810
7798576
3800563
3801789
3615022
3579732
8030386
3411924
2376719
2461003
2430873
6992531
7024903
7792750
7302453
1150735
1580541
7638511
7838880
3533462
3801635
7266440
3374201
7602872
2381163
2457163
2445702
408666
364027
74499
1268035
1328421
1482099
1905468
7521301
4026082
3801596
3491586
3505947
7602868
2380670
2453866
2447938
2432678
380173
110328
70080
1274119
1325211
1480737
7522632
4028129
3824981
3491327
3731132
2595352
2376193
2455290
2446796
380186
366323
411742
6619707
1263888
1300463
1917846
1732259
5850431
3981391
3823669
3580733
3740016
2381690
2379025
2597449
378389
6969341
411737
8131499
1278279
6611854
7632854
7262796
4029282
3527679
3565951
2377457
2380519
2449893
7603258
408646
288602
1273541
7279741
1276686
1285899
7763411
1726451
5855644
5854173
4014641
3532467
3556608
3577004
2596771
2436628
364132
375046
286963
1276147
1278742
1273246
1316703
1797551
7262802
4010969
4019219
3557758
6547304
2375558
2478216
362041
103035
108241
1272140
1278685
1277247
1309937
1799869
7280289
3981432
4010207
3746183
2463447
2478217
359787
107744
291279
1262062
7303983
1276819
1281269
1817946
7601921
6942826
4020409
7191174
2375989
2217351
88962
360483
104308
389472
1178587
1279396
1278148
1328218
1812356
7280291
2111937
4017698
4019727
4163384
2380975
2214603
360923
100926
109915
1161724
1277527
1278483
1307741
1906153
7280290
3986148
4017494
4172052
2461874
2483761
7602693
361661
108773
414980
1176862
8051230
1277053
1321702
1797971
1922253
4021858
4018904
7260548
6534185
2529923
2508813
2220309
350661
101627
108142
1160939
1259813
8009059
1254709
1814621
6670612
3985665
4004419
4739167
7260514
6534201
2530241
2589581
2219944
361394
101628
387897
1159456
1275665
8004777
8049766
1784393
1809412
4001610
4011631
4829243
4156210
6360199
6545624
2476403
2216645
88967
109470
412800
1159301
1181073
1279497
1279812
7007125
7072825
4013292
4015076
4740157
4221942
6545936
2498305
7602689
7602688
250649
7326105
1133310
1382698
8048232
1281708
1803782
7735416
4007503
5462683
4743176
4222333
6546650
2496045
2218963
80509
250439
6648634
6651320
1330335
1280645
1280174
6958005
7844140
5396974
5498015
4742385
4226364
3573345
8014017
6546086
2507943
2218972
8199421
7838895
6687934
1437312
1182787
1280679
1280653
1789065
7741741
1855891
7262518
5487396
4743275
7260019
8014047
6546785
2489865
7838983
7642566
144269
1135158
1341204
1279556
1814402
1796068
1886278
7303001
7262449
5454546
4828923
6331909
7456416
7838650
146844
7895303
6949363
1159384
1482305
7446417
7064011
1816855
6822110
5333207
5401516
5499004
4556125
4667757
6545687
7115828
6542197
8133762
8181926
125188
1159362
1175334
7387161
7410698
1886130
1863521
5393052
5397374
5497190
4556110
4665933
8014150
7732904
2508010
7288008
8133683
438400
117067
7052836
1147745
1281285
1280239
1796480
1941584
1861661
7262659
7261441
5441792
4281897
4313697
8014715
8014806
7115249
6542148
8133953
443183
128008
1218239
1346620
1280240
1281038
1802986
1812988
1865312
5394063
5405554
5431716
4274916
6254925
8014481
8014905
8063770
6542155
8133975
325304
6689293
1218436
1221692
1281556
1785036
8052067
7403438
1853371
5409500
7262635
5436472
7259267
7259649
3373168
8014694
6640026
6537689
8133757
7590363
409417
1218420
1280849
1281659
1281544
1789278
7396450
1850405
5570299
5572400
5581213
5082292
7729130
7258540
8014879
6559648
3170189
8133898
752083
828315
1218197
8139898
1529531
1529061
2050968
7401246
2038800
7262521
5568120
5840426
5082363
8115326
7258676
8014893
7874189
7670575
8133899
7701054
828062
1538223
1538648
1529376
2037927
2037045
7395786
2130188
5843997
5735792
5830007
5232592
5015133
7257719
6357341
7577093
6542355
6461207
6643410
866986
1538224
7649203
1529047
2029499
2035202
2037844
2051302
2129376
5747941
5731397
5840846
5232316
7308276
7648916
6357359
6617384
8199069
6461586
823712
828390
1513733
1520536
1532378
2028313
2031368
2034460
8260661
2130677
5758901
5748638
5837342
5232895
7232590
6424355
6621469
6616880
8224092
686524
867425
610398
1517530
1524444
1529528
1516187
2028905
2035930
6284650
2130741
5761960
5799909
5687489
5231311
7223553
6176821
6157828
6616022
6616580
8224698
6930430
6983015
548387
1522949
1526900
1529626
1515917
2032362
2038395
2025159
2123979
5815665
5816719
5674878
5062458
6143293
6185140
7910263
6454810
6617851
8199417
686705
712451
583683
1526887
7536148
1529103
1516393
6997302
8052580
2038446
5804715
7261826
5686862
6332453
6177178
6050416
6151681
6615132
6617032
7873659
685759
710950
580491
1520692
1520844
1520025
1516403
2032571
2035732
2037375
6171633
5802694
5652721
6332140
6075263
6139088
6943613
6616357
6620042
7871979
712477
712041
609798
1517136
1526601
1534162
1516136
2032226
8054803
2027277
2119701
6161139
6170048
6148002
6184276
6093943
6137271
6185576
2644967
7669107
7602480
713019
812935
856938
1518062
1526970
1534565
6988111
2032490
8054801
2026659
6185790
6141600
6180196
6174051
6945997
6163125
7300025
8128721
7602472
773078
6730271
609509
1490501
1526610
1488190
1501377
2012349
2037252
2014694
2121385
5878818
8181708
6055666
6157956
6065138
6078372
6137462
3297715
8063096
6551142
707025
810002
566456
1521671
1520599
1510502
1516069
2027173
2026889
2047258
2122293
5879164
5986080
6173031
6182001
5887666
5989520
6115047
6354959
3298515
7301831
7602415
8174179
822298
582926
1508811
1537947
1508517
1489401
7894283
6958004
2023584
2120063
5877208
6148863
6068627
6170584
6158353
5921589
6957320
5970458
3315550
7304130
7602417
8077353
821003
579468
1538638
1522565
1502387
7903956
2023067
2027806
2024461
2124185
5879048
6185108
6067676
5956869
6117225
6095788
6142001
6947098
3316260
7300469
7602440
864389
6649484
6641123
1544606
1532612
1499247
7902696
2027317
2014078
2014611
2123278
5866308
5845544
5555998
6159735
5939382
6145064
5994519
7910166
6694966
2965934
6551573
6949461
864480
6697077
7760455
1545297
1501887
1509819
1510041
2019199
2014718
2022888
2125711
5869805
5878982
5844734
7117591
6171446
6140815
6153823
6140995
2656156
6543932
6543945
7628364
7601533
6314035
1536648
1509738
1538637
6312678
2018813
2026777
2027316
2124220
5867113
5877112
5557295
5962053
5977633
5909245
2651589
2620786
8051325
7628368
576566
581228
1538802
1489661
1501876
1507638
2027911
2125742
2120612
5866302
5866330
5847155
6161128
5975004
5963145
5983577
6161803
6693490
7626354
2726755
7522466
556430
6311318
1538640
1495586
1510370
1499385
2020313
2027968
2125166
5860695
5869635
5558618
5962665
5888355
2640923
3133145
3138532
8181718
505707
529051
1504343
1493855
1485057
2025230
2023866
2122605
2116271
2122262
5868684
5870787
5969025
6163081
5949030
5882994
5989218
7602005
2654970
3162272
7626328
7647230
462022
543396
1505260
6696686
1489656
2017370
2020838
2018571
2013918
2122256
2120591
5864197
5874434
5877395
6127994
5898662
5948965
5887448
5989205
3421193
6295666
2624653
3153869
3133819
7838775
504269
478769
1495385
7536147
1495939
1510689
2012956
2019867
2120047
2125693
5861668
5868437
5880107
6115740
6179724
5984875
5992095
2622677
7626366
2722751
8128761
545467
556146
1503481
1503773
1500816
2019951
2026861
2025241
2124611
5867107
5861021
6184824
6179858
5921048
5983720
3426183
7626372
2725432
830675
519705
544084
1505965
1540711
2025456
2013639
2122311
2123100
2131859
4031574
5870133
5873030
5861202
6170056
5891871
5927708
3424424
3414079
7626377
7626388
661364
496285
545854
1493049
1539210
2014833
2014583
2120048
2119625
4031637
5877563
5864431
5859419
6089245
6062100
6174961
3422700
3424607
3412888
7626390
7626391
659433
553609
477940
1487332
1498087
1488903
2013162
2119283
4031742
5866726
5874713
5955840
6119528
6096551
7602006
3415667
7626396
654253
863080
1505579
1496441
1490516
2027296
2012530
2119272
5879302
5859691
6093114
5926246
5994339
6114685
3419714
3141214
661520
468091
1497749
1489853
1505991
2027042
2013465
2121025
2126099
4031681
5872537
5879390
6180423
5961560
5969475
3422683
7626400
656657
556268
475936
1504850
1491600
2018567
2126785
2126199
5871778
5877173
5914276
6099793
5913698
6161366
5979345
3420635
6453318
779350
1487762
1511542
1507116
2028164
2122090
5877543
5870441
5865670
5916134
5976257
6091732
5924351
3426193
3422887
7535941
777682
6453314
1510695
2056029
2126123
5880054
6137052
824563
2022572
2017155
2015306
6109205
3418910
3425505
1507203
5886735
1507390
6121522
6079446
3831682
3831208
5984185
7521757
6247603
6930555
3472848
7910925
187896
6695236
7510985
2448489
7630442
3532089
1818086
4451140
1281405
7642392
7261032
7506758
1525798
8054538
705818
610416
2634950
6695754
6943713
3840224
3436100
3452786
3448455
3349234
3388847
2311968
3782886
60928
7729845
3521014
3801960
7302833
1810240
1278008
1276948
128137
7326104
4137330
4555189
323721
5704974
7005638
7259330
3339537
570563
709493
1523998
543343
2713797
583744
3866905
8029813
3433956
3470715
7839378
7839397
3397154
6732140
6930714
1271819
3491519
6201372
1444364
7925474
1266302
118704
7073550
443794
1817990
8133979
325449
8125787
802505
7873738
712300
6184995
6156019
6175059
5979035
6077260
6418733
572220
8128567
2726939
576093
7699452
3468551
908913
2087362
1651112
3401148
1214658
1979227
2410624
1279373
6534198
3985819
1809271
128447
1281736
802921
1529595
2029016
5926519
830266
778430
3443183
2079404
3473157
6621245
7602506
3408134
3678000
8129207
2452830
1278073
1983329
713746
1516040
1516196
1509955
2649966
8030222
4030699
2134814
3472263
3392738
6388445
160196
3398428
1735902
2236053
370510
1715010
1917513
360531
4001830
6691616
6544350
4528527
4408350
5219842
1532368
837045
7630154
6943832
3292102
6283514
5948819
569359
2178011
1049261
3910971
3473487
3458237
194406
1628692
2298528
7433819
7603253
1269562
7383661
1278277
1278889
109571
1806646
7527899
7179381
1279873
4819366
5233056
797411
5686603
712492
7602477
2620838
933692
2138285
7863728
6690702
1278752
448502
3815479
7267904
101322
1278974
1428368
8035493
5406376
6659521
319345
2017658
5838199
2032191
712808
6619659
6178354
580676
1516726
477571
534560
3865483
7839402
6320143
7614348
2331528
1831722
7640683
5477433
6547296
1144121
7403425
6559504
866302
5759046
5682810
6175101
7533501
575349
531901
3862583
7839545
7839783
7839184
1081105
3463124
8142622
2436067
3624953
2335568
1307641
4019089
4733129
8246755
1879682
5543199
1529492
749518
6176250
1516389
1539219
5955902
7646423
606266
3473964
3438064
3355672
909299
3452830
3379316
3673536
2333096
2345521
7262771
7772811
1276652
1131045
5532610
6698360
7259771
1848193
8217253
5056350
1529077
5003457
2030526
6616755
6943826
7874460
6551638
6184594
2657707
1494335
7910065
158214
2454532
3614736
2376898
8004101
1281208
1818177
1219899
1463749
6616456
6138599
2966916
6418675
2726026
3155536
3865991
3438981
2070176
3403395
7056293
7622194
3378535
2299236
3626809
3600008
3525698
2504659
5532945
6709842
8277210
1538262
7667751
7262053
5692590
710260
1520885
6551107
584484
1512210
7078365
7626338
2014624
7839393
3460664
3408210
1890524
3407977
3406844
7645763
8129174
7521304
2458334
1915840
1277776
1796195
4017758
1280284
7628535
6201376
5659996
2032767
575490
6183605
1505453
2716863
3924668
2076017
912764
6977912
63571
1782807
2387890
7603252
379003
3578160
1279228
1861416
7313495
1862588
1816575
7280679
6542068
8014861
864945
713142
5921147
6118013
1536757
3421982
7839432
7839771
2073673
6355222
2171623
8030185
2090021
8030563
3690577
2303611
381969
2395170
1899262
1831037
6910806
6692498
4019807
3822723
3530282
1114776
1419065
7428592
4554418
2584973
312894
5611251
2036753
7576935
7626403
7839582
1027832
2383765
7668886
2351850
7671049
2421903
1732304
6759824
4018592
3529654
1279299
7302854
137956
3996956
1279865
7335145
1926142
325336
5055742
2018553
5770156
2032058
7525990
7602675
1526038
5978985
2027198
814159
516647
1494463
993911
7839758
3862293
3472585
3461440
159909
3652764
2233118
59611
2349788
74222
134766
418896
4232308
2537965
6355614
1346629
6361861
7236207
2051471
6019337
8222846
7280677
708613
6174844
8224207
6146229
825110
2126710
3337406
3436369
7839580
1054329
3469425
3354716
3371207
2597271
7735862
7511021
3563856
5530688
4552707
325103
2033618
5700068
874652
5842684
2029238
1516395
712250
2029525
2038665
700446
6070684
566868
2675416
3855763
6322148
1061412
6690701
7754689
6912297
3503910
1280315
358333
4229763
7261464
113508
6812988
148565
580716
712871
1523232
6669611
5955243
829291
7262854
3861329
7839722
7601648
7670905
3469601
159242
3407128
1627520
3649151
4566877
2215636
7315256
1816971
4408964
601594
1528947
5231851
6617886
5050817
543171
6086977
7626365
660242
2208332
3473204
7839603
1624058
1996550
1214451
377252
2222539
1816303
1270466
3525011
3998025
6692471
8227002
6874767
6545974
7413509
7076549
7659437
2038080
609537
2031741
6113463
7732321
6559325
8051091
2727363
2724227
7626374
7839778
3435966
997140
6621283
1049896
6317344
3385658
2093310
65170
2435474
7353443
7971832
1279148
4231567
4794529
1219002
1848016
828264
1538518
2037342
2031832
609707
6168072
569934
625737
2016907
564417
1511646
7839680
2077963
2177499
1082992
3461320
6659400
3411871
2098322
3688451
2229336
2409306
7302853
1274881
7302860
8067345
7238522
8133978
1514581
5758113
5062355
2032850
6617423
528521
7628357
552465
2719609
642378
895417
3386495
449265
7603254
1278302
2493330
248380
1279685
172425
323095
5770357
3289093
5815599
2026908
515687
7733308
7597144
3853404
6199126
2597272
1279045
1265809
7642903
1276615
7692215
4600795
7046940
4281621
5701314
3034995
5815842
6151352
7536163
7534286
1519385
2014836
5861886
2157697
3371199
1058381
4036284
3792380
2336251
379198
8164011
3532813
7279595
4169156
2214433
6546787
2473470
5549225
7262349
5436099
2052479
2034323
2038650
6154159
1526333
576626
1544819
3841892
3864729
7839633
3899538
3467078
2084442
2301669
1273109
1277661
1174171
5530210
5471293
1899102
1802550
316544
4911516
5610054
7645152
2038452
1516199
6943829
5888548
7602570
566384
5861836
3420937
7535696
3859538
2067792
893549
933211
159071
6383146
3666082
7628452
7874852
1718541
1279318
7931042
7686241
81302
6540854
2114152
1529641
7397708
2019718
7932486
582533
5859193
5869541
2174764
2156831
2072924
3954291
928657
6317872
2313002
2593460
3662395
3620982
286621
1817858
7900963
1128239
142872
6822181
5052916
2037393
5917832
7778869
2018214
8061674
578211
642377
2076021
3442939
3454384
3472442
7375474
3403353
3792386
2295684
8133376
108617
6415935
1277671
2220082
8010673
6547088
6540769
7701435
5837377
5828759
7118068
5841818
6616573
711623
583803
2016910
577375
3371203
3370903
3408251
7116565
3384728
2277060
7628253
7521947
2597259
3824081
7315435
6415551
7622992
2537881
6418686
5490272
1810920
7628420
2032860
1526636
5918424
581038
2014743
6178038
1501795
1498402
6161091
3369183
3371350
3471942
3405908
7064165
1710554
3624379
7115999
1854345
6332275
1810256
6359548
1538278
744716
686388
5008224
2013279
6166916
491029
3154907
2162701
3664716
2389804
2236015
2221513
3799184
2347155
1816269
94823
7373656
1808981
7261646
5504812
5758413
1516146
724941
6177399
813643
576317
6267159
2727731
2722320
780524
7839657
1286764
292913
7007049
6201374
7262460
4556165
5509151
741330
4882211
6461205
712895
1523157
1499779
1521192
7839711
2141722
4034745
3699427
327162
3688775
2434985
1730437
6643967
7260215
4555925
5441199
161974
5784154
6094651
724893
608699
6168388
3333236
1511381
866062
3877949
7521909
3866028
3467792
7670842
922806
902721
191675
3682788
75000
2378903
6749251
1182775
412814
1474601
138025
312888
2017756
5263167
2037330
6122668
2025848
2021504
1503772
2062660
7839396
7839560
3465373
7585578
7062967
2321926
8019123
1277570
4025193
1278573
8030552
1983231
7238057
4538519
1912743
4829237
323094
2033403
6156864
7315278
2030161
6947482
7522450
2018069
7602003
986717
1039000
3456137
3944665
7665618
2383650
2294286
7602869
141665
1281256
4006702
1816406
449504
264481
1281307
2127878
6180170
2031966
795163
710949
7117885
7522487
7626362
7602007
2192093
3864830
2071858
2099488
1628884
371466
328709
1830098
7931039
2380426
3797740
1279134
1813828
5381231
6877998
6290252
5005484
6945426
1537939
6903747
1539186
3472344
3662155
8197161
3398007
3402893
3387928
1584169
2455216
7511024
4019867
106280
7905757
1279982
1863997
1348242
5433904
4907910
7577033
829955
5683964
607843
7533465
2625252
5878364
2172312
3867395
65785
2232486
3689172
8131509
1830468
7511054
1860941
1787765
6940491
2029784
1516438
2036597
581671
8055673
645296
3854988
3443173
3467538
8063460
2067029
2597329
7510913
6940615
1277924
101581
1139813
7370274
6355180
5503780
1816256
1528766
6111881
4978972
7873550
610686
712967
2022304
2025256
1502257
1540475
6647815
7839830
6232296
7839366
3369083
3471902
3670218
1273287
1812982
4015842
8139613
4743274
1280003
1142404
5543146
6534152
5259229
7873583
2027487
2026708
1499428
7535493
8198686
7117732
1511146
577206
5873095
642367
5879636
2063176
3947319
3906466
212962
7605614
8129185
1728659
3620353
3609293
3818742
2424015
4743453
1816868
7371354
443187
325278
324927
2046429
601417
5233037
1538000
6619578
2032473
608271
7897063
629640
1492810
583472
7874524
3892454
2220853
1282027
7306528
2347304
1831172
1582886
1276151
1275218
1281127
5527759
439119
1137247
5232764
6074096
1523400
659102
6453313
3442398
3473008
7691503
7863619
7910088
1567643
1179185
4225215
4132625
4528071
4828890
6533958
797527
5255882
711459
6159811
2023943
1497220
1509847
6161240
497764
828989
5923562
6453324
7839794
892156
3397680
3792743
370247
7306523
2467783
443189
6358551
5746486
608324
1521975
7602492
610067
817813
3337386
605393
7839464
1070738
3461840
7792532
1624877
2347470
7680198
4009879
8199371
2210554
2218970
7407867
323927
8133845
4828388
1513990
1538231
686712
6094265
2036965
6557106
2027749
6100512
7601828
541116
5880573
7839751
3862761
2142804
6303009
3408272
3409644
6750152
3801595
1809445
4017154
1459084
7239972
1221559
5840177
686274
1517721
7731778
5989301
1512165
2657445
574631
1541359
7839862
3367527
7626927
7645195
2419622
1259411
3573591
332746
2446466
1915877
4013039
6644099
1815286
7745854
1813855
5427705
320562
2036443
7012546
7261929
5685886
2032201
565885
5876363
3472791
3471487
6621308
2161798
3699223
3628657
8129222
444187
4012344
137088
352603
7315312
4828766
1470705
1815184
1799383
5049534
583731
7536078
5558615
1500399
3894774
3947421
3660073
6716279
2565343
98677
1528735
5081451
2052976
5062292
608872
6074506
6126260
7602474
1535595
576342
6419260
7626324
577350
8261417
3872594
2147532
893172
1733038
1278433
1277091
3985710
4022452
134217
2214846
5509519
6543871
1516186
713222
711952
2015686
6943725
6543925
3443289
3866465
7839392
8180863
3657661
189280
3809489
3764343
2347483
3801590
8223932
7260490
7090618
1147288
2034048
2030470
5281077
5732738
5042726
6955406
1501196
582105
3838830
1023287
3451241
241424
7510931
3674272
1665046
1278698
8131500
1337240
106909
144449
1137148
323662
7728583
2054020
7308978
6461498
608901
2017705
6063964
2122104
6180747
2726576
1485793
7116866
985015
7839410
156098
3662252
2082727
3662952
2597334
3631462
3495684
8131502
1277008
352736
1280194
8014675
8199399
6620209
4881109
869073
7630139
610298
550671
2026643
2021041
6114471
509483
1497929
7910046
3468560
2143350
1055059
3406923
2259383
1641428
344620
1831142
1276378
1831124
1279154
1917498
362973
1410796
2498541
1801934
7260216
1816080
310554
5612492
5050162
710041
1521370
7535495
582448
830690
5879898
479071
7910070
3473198
3470821
3699699
2389691
3624718
4726311
248055
447049
5444907
2038199
1538375
7578503
3200961
5916458
609404
1525771
6176914
5956004
3855715
3357804
1047925
3451478
3403697
3653523
3792692
7306521
2410312
3521476
288131
3569370
6692439
7260623
2032007
1516290
6618061
2032602
610611
554199
2050692
7522448
2671221
2013921
933787
921028
2078024
152042
1649147
1648512
7338920
2310050
6618821
2531877
4601093
8133909
5405529
5082201
5233053
6534001
2030035
2121529
6184998
2654604
6155817
2723362
1503726
6453312
3859279
3468100
235751
3397865
3660387
64460
1730468
2300660
2294206
1278905
1274406
7289708
1466891
4741797
6822099
1921372
6690138
6618447
1526547
2030525
2027002
6185628
7602612
1521401
6175928
549797
524414
5955925
3862736
7839754
927964
7614649
2098899
2344854
376332
7616862
6644137
396460
1182998
1802206
1817240
4914570
1529114
7578502
6616879
1524537
5032963
2052150
582130
7628333
8029780
6321162
3408094
2243271
3689124
6930712
78448
4014501
1176608
3520271
361435
1927474
7905356
1280356
2473569
6542104
5215968
2130732
5279557
2018888
831130
1515806
6943726
830603
3426691
1012600
1066702
2094687
1820903
2383523
2427949
419435
5015701
2027456
6098386
8260056
6708894
8256270
3893690
930813
8224933
3690172
444179
2413920
7276417
1279237
1179758
8056119
4739078
8133894
7870357
5769778
2033667
6064382
1503277
2725073
3436434
2167246
3889332
933753
922704
7555989
3393764
2110204
7522928
7443305
7521307
332351
3615169
1279382
1861903
7261226
5493903
1219762
8133731
5607916
2032631
2029700
7872813
6697993
2027373
6063191
2722563
6081616
3841232
7910047
1020641
3456629
949683
1035025
3408064
1649593
3395497
1627035
7911405
2255244
2365190
3690250
7621141
4007676
7653984
8034375
7457829
5275884
712787
5962890
1502536
549718
460112
2122389
7626335
3472437
155093
3665016
2338711
1732385
1274129
3581164
6979864
2593778
7262207
4663205
8133700
2130204
6620318
5051443
578958
2032960
6111885
6548325
6943727
525585
2062276
1076105
1937274
2083546
2089168
2400033
2232652
2386161
7645381
7521299
1280659
8073614
4405588
5564730
5768336
2032436
2121909
6161924
6054016
6640069
571529
4031625
1001632
3441476
3848949
3461581
3456285
8042299
3792376
341742
2493222
103012
250303
6367745
826049
2033413
6170469
1054116
3931470
3393106
3689336
3688397
103922
6547285
5552301
6970803
5838261
6618215
7706672
1516399
1520327
629986
6087624
512570
569295
7263003
6206253
933555
3472319
3460943
2011457
2091996
2255422
8224935
237556
62854
2347078
1275647
1281098
1280590
5488280
7728582
6533980
862468
5014165
1516274
1516099
2124187
1516308
627362
831165
2055868
540355
2178063
6323974
3468689
2290836
4565904
2502034
8014544
6542182
1526586
6997293
711587
6180733
7533445
6315169
1511783
6559260
6179138
1505432
6251999
7626334
525439
5879092
2627309
961152
7839519
2162715
3663516
3663503
160798
3803695
2439374
1277263
6547283
6752102
7667714
8125781
5690583
8063849
6128577
6162830
6106437
539283
583692
864478
1506422
8128757
659431
3876261
2075738
2077895
916211
2572183
2295840
1278100
1278609
7511045
1808755
1279715
5550669
1279860
6361660
5703133
836988
5673390
610688
6158163
712839
7535712
821748
1505984
3897287
6324214
6621306
893697
4034551
3405806
2347283
2351461
1327659
1273587
1899351
1926108
2507877
321079
1538222
6545140
713634
610642
7534709
8048911
550785
1493162
573448
5951659
3849574
7544228
3715156
6768610
7510955
7303651
403403
4664815
1281437
7260226
1529512
2130574
5840284
583373
3056418
6086225
7909809
2725065
7626370
2206808
3468436
7385181
4034496
897045
3664659
3396268
62691
2444489
3746938
103331
1817993
1438738
6957553
5583509
824385
1529031
712165
2032200
580015
5979136
1497376
1019031
3473922
3451399
2299978
2428042
243590
1271215
7323625
1266821
110031
99439
1439622
7419775
7624782
142679
5708027
3213487
6166454
6145425
864018
1532249
1495812
3889322
3845181
7839583
153408
204891
207596
1337618
3648885
2434584
1270952
378361
1336133
7260270
7041468
321940
7257992
7259084
686571
2030429
6156422
7296060
7300437
623760
1536289
1488747
6054306
3896218
7839503
3435214
4032420
1762882
2597364
3599793
7510872
1816234
7281819
1812621
7534754
751949
2046561
2034651
7045142
6075812
1510250
2721581
515966
545633
3836238
3862832
3840432
3472808
2456917
1329239
1893334
145233
4094484
2508287
4828344
5774135
1528253
5692786
6004200
6617905
713389
609721
8183145
1521374
7092410
3153517
7910040
2152326
1639334
161022
3632867
443347
1276568
412084
1276955
3981469
7645176
7653985
414384
4554823
161901
1792283
5572979
2028722
2026126
5908163
816218
7076382
2013952
573331
3874943
7839765
2138717
2137152
909488
2057087
3665380
1969339
1626542
2410878
2384770
1957367
7303937
7890531
1310084
4600381
2504107
5549222
1538230
2038198
6616174
1529144
5061876
1515832
7838905
7117880
559073
1503037
7626327
3421711
1546102
2206983
951271
893485
2136150
2317396
1969335
2347954
3524744
1278228
4017764
4018700
1908438
4555423
1816265
6816630
5785035
2038115
3337529
861487
6988118
856947
6142506
541629
6169740
7839414
3467820
1651887
3394640
3827693
3812188
7472737
8235911
1168412
6696897
7044034
1801166
1898186
5306233
7516431
7260882
2028359
5228742
5042731
829788
1512064
6100007
583437
1511494
2724778
7626384
1500933
2157191
7568630
933649
899903
3471094
2435854
1262230
387958
7262527
98410
66108
1346493
7516417
2038087
6183141
6111874
7870581
6139657
3150261
2176024
7838849
3860431
3461742
2202999
7866653
3733380
2236355
2258314
2437797
1905099
1337388
1382461
139889
7259287
2034292
5686290
607706
6616355
6184238
7932386
1489962
2720383
3838854
957517
3854987
3460558
3407216
3657986
3628488
2350436
444184
1594446
80412
1265085
3566603
143127
7874332
7302644
1516267
7602564
2027244
2073985
7874493
3470800
7839403
3468734
6619349
5856111
4013723
8139247
1441210
1898046
2053444
5768046
2025161
710615
710791
7602488
2020591
829005
556858
779933
3441243
3436230
2175650
3402206
2101169
161154
7558726
3731933
3685600
7521310
3816362
3532597
3825948
4017582
1811200
7262027
4828384
4828883
6107761
2037075
6150321
6042393
8051143
2719485
512524
7910072
3454860
7932688
7641674
3461023
3406196
56399
1769157
1337613
2422060
7279752
6643965
2505530
136256
5550368
5392114
8223990
2524842
5273110
817870
6284923
3442584
3354898
3467747
2089856
1644935
400745
1732091
1278508
7648379
432887
6772182
2552407
8133987
8014872
7259359
2034599
1515986
6148373
6153770
552862
460019
7839355
3899462
2069815
3923154
3471963
921064
3472404
6955599
3407755
2396926
7612483
3615473
7511051
358245
5220463
3337525
2030851
2031601
5690763
6615839
553416
610091
6176576
1538636
830703
7779094
3836143
3464728
3468234
3397976
3385935
448225
3829421
3642390
3715042
7510897
7032140
1276600
4450347
111453
4413842
7258855
2030474
1515367
2032054
2021434
1525504
581377
7626349
7910071
3436113
3464547
6322927
972206
2162355
891515
907111
2239076
3397660
3689838
8131429
409993
1674504
1279176
7757109
7247861
1811413
5546253
7261165
6359978
4975966
712887
713126
711867
6183238
571721
559752
830682
3833367
3456070
3471846
3460942
214478
448227
344674
1276621
4830796
138568
4669365
4794164
2038180
8199413
6167125
6315161
7838918
6155033
3466165
1013266
933102
3465764
2095925
241423
2591746
1279058
3576979
108918
4733487
4552725
5546337
8133851
6534123
5611758
2130001
6618060
2125472
6616091
1516400
1496130
6176895
2021532
6946003
2163774
3948642
918905
1634519
159369
63689
61993
3822762
1264285
1278189
8133933
4907907
713676
7533563
1516828
5946820
5966373
1502060
659101
3337404
932987
3457398
178443
375495
3803271
1276159
1292118
1278964
1275334
3996737
1220210
5709906
1538221
2033791
7234583
841142
6316236
7457962
3371204
3792382
1465910
6942076
72647
3532821
1337233
1981717
8049689
7261445
6618464
5232637
841101
2056769
2030316
7301827
7521314
3337385
1498205
606239
2177270
1023061
2140691
1638775
3408424
1734949
3769976
2408770
110250
7739108
1279843
2485794
5528921
4830687
146748
443186
5825643
2028219
1515329
7533549
8146894
5875969
6453323
3853479
2066859
1011918
3371209
876485
1279405
64661
1276491
2245662
1950675
5855841
361546
144569
5842753
6640252
453752
6617337
7437872
1515332
6184480
2656076
1488933
1493308
5858896
7910060
2383827
2352776
7930440
1652210
1298480
2503633
1444366
1174094
2040893
6940391
1521497
6176561
2028078
1535379
5955333
7626385
640440
7839708
3439423
3887127
7303211
3459785
3798949
2352175
2444219
1274862
3582429
3571898
1261736
7602691
8014717
1222192
5514336
8125784
5979367
1521315
6943716
3861244
3467545
6322352
3470937
245338
79609
110737
4016485
7686236
136702
4578977
439228
5548429
148251
6460814
5686092
6614949
3314241
6145984
7293467
573709
1510842
5860524
3947956
204953
189741
2377539
1275230
1271889
7209040
144696
142496
1457199
6367665
5607051
5734100
6154022
1524325
1495101
579581
1512102
3863379
3866000
2158499
1012528
3466703
3393129
3599773
7279754
3792044
4013674
7521348
4006532
8014666
7303469
122438
6362323
3277605
872173
2027740
610764
2023286
6176253
6551637
6140838
5939598
3369179
3439133
3451432
3658332
400742
1957875
3379953
1266305
7262697
1805745
1180809
2474871
7374646
146386
7315195
5545710
1794227
7259538
7687774
8224782
3315787
579384
486645
976358
1005544
3865802
3371200
3453607
894460
2078132
8033190
2566677
6728343
3620381
1276067
3615090
1263207
1277907
4217634
1809610
4791259
1280037
1220798
2126493
7290685
695592
2016216
512413
6126264
6091069
2184707
3861528
6322597
922262
215976
160961
7645772
7626844
7364913
7302846
4026072
1273960
1178560
7027026
5532037
6546897
2580216
6539811
5699979
3344788
2023071
5687028
6618290
2025121
7533322
6647953
549748
1498161
3449340
3919352
3691099
220448
2565341
3792378
7510895
1272502
3988416
1814760
1278094
109380
1183307
1462733
7544739
1537856
2030079
7534412
1502422
1525809
509598
3421765
831129
2027044
3866496
6316808
3460940
2255564
4026075
3577055
6645575
7007043
2210553
1861116
1514027
7257441
2028720
7670479
2029335
5846871
2713659
7626402
7839655
975511
1639304
1215502
7609695
6414184
1895695
250583
6547288
4787327
6543306
5610980
5742750
6616170
1521333
1515996
1525876
828884
1524809
6162949
485064
1493241
5872126
3467469
1007514
2177762
2141305
56166
7873978
3774220
3597887
1279115
1283600
1279592
114593
8053958
5817340
5230092
2123836
1511135
7839777
7839617
1004303
155584
1279084
1271361
3998287
2214845
1184626
8062231
5062552
7261592
1506938
6078048
2017519
2121197
643485
183689
336259
7525062
6547002
5296409
6461202
5062441
6176654
6787488
3838826
934649
3471796
3945985
2597330
3624730
109122
3823960
4017743
1272805
7302855
7707973
4554858
752259
2034400
5229276
2035610
1516313
608932
7522484
5861900
3470687
1085596
3473255
968665
3878253
7267965
240498
1278464
4027138
4020386
391699
4215243
1783792
120694
5308164
6111965
7759951
865084
573089
2125112
1512218
2125906
3145148
7839835
3474570
7839587
2201079
3472378
3943423
2097853
2352778
3374766
3563609
2529362
1425381
5492762
7799838
5671807
6180144
6151551
567434
512247
3369174
160971
2098948
3687479
339537
3532774
1277238
4741752
4407901
5236698
5808453
610622
6164499
654901
7839825
3439159
1106819
3407440
3393768
3735680
7668879
3689759
3731126
1269498
1275713
7060990
6358207
324643
1514801
6616368
8054115
582541
1515167
577630
2050863
2012532
7303904
5938928
2169638
3851913
3471374
4035310
1645357
3408269
1957915
2413926
3824132
4014914
1279219
4735467
2597550
2558545
5508473
7290713
443188
7259430
1515979
6944109
6051264
6173600
7602478
866055
642368
7839787
994257
2567932
3687418
2367660
2395524
1276191
7910966
7260063
2477461
162152
2035453
5050290
1507220
6453355
527299
7839808
3435021
1026014
7613741
191837
50064
2426240
6930701
6360203
355182
4499528
5550561
1812619
4281083
5712716
4983257
6185078
6105214
7628308
5846147
5859114
3862338
6322515
400741
2232997
3671470
6940758
3613230
287218
1277636
4017354
4556096
2473451
7262586
8133970
5738839
6184098
7648817
1491535
636465
3424901
828218
3435539
205297
3399388
159267
2383204
6940648
1957226
7512458
2556657
1811120
5440032
7076552
6461487
3295485
6155806
6947480
6185021
6176112
2019935
7300693
8131853
7910037
3440684
7839859
2178220
3952372
3711694
7033552
2436400
6998444
1809461
1447263
1797438
5280975
3337527
7578489
6956402
724048
2038397
6557814
570427
2012593
777381
6690606
288712
7067109
2586106
4528866
5219722
6538947
2017377
8198730
7284912
7626786
7533570
1525376
1501690
580006
2175996
3443342
3866946
3696466
1213500
1734199
7306525
2347061
378271
6692745
7261570
6769334
4094048
4554753
5296391
1221417
6119433
7873752
7602419
2016942
561804
576572
7262898
7626251
7839401
6559781
1943673
7032728
443358
7909807
7732297
409393
2426991
5372433
4600661
324190
3372964
3124967
862839
5230872
7626350
501166
3886406
3936088
3697838
3699502
2313371
408650
3802132
4018380
7302859
1810545
1164709
6947640
826042
610389
2125626
583345
580062
7839566
212360
3649959
6318165
2566981
7521588
3804949
3757172
3822167
3525158
1272970
2493456
7839240
5295349
5427336
2033595
2030427
609454
1508427
6113332
2015707
2121373
7839799
3370751
175555
3400210
7510994
7524617
1816373
6546573
143921
7230311
6957555
867405
7630148
1526274
1516392
571473
6423421
1494941
3419842
933881
3466750
176146
3659711
7601776
1264074
1279259
1894758
5477770
1864132
7260358
5760396
2034701
1515696
2029698
709399
572525
638937
3435963
991664
3837985
3466900
1037807
919255
2422923
7521311
1278588
104625
1277289
4004867
1812544
1443470
7669249
6157988
5964304
1492466
584373
2723488
2726285
3422861
7626406
7910062
3863821
7839559
7626924
7521945
242048
1860875
5488441
7261418
1941563
413931
8054575
865521
4881096
5584200
1516329
2026657
3333237
2173079
920928
1080968
2399870
2597320
1732483
7344569
6646302
8057179
1275655
4318404
1281593
1280048
4827706
1538311
6180657
2032814
712430
8199019
3155676
7626389
580243
1014257
7566613
3465038
3467687
3659849
3689915
1249145
1892675
1605467
1731749
7602866
7668827
4022333
8030622
6643962
359797
2214432
1447259
7259295
2036897
747978
2032857
1516278
5990251
2013459
2726240
507899
661363
7910044
3861966
7839851
2174467
2178119
3439483
3348966
3351640
8128937
1639524
408662
378493
3374095
6942858
172955
5443572
6951000
2030890
6639863
1510163
778707
7839460
944024
3435453
3467787
1076454
1942534
7846883
1648761
7306515
2346561
1594018
105298
3530580
1813884
7260157
414338
122289
2508262
6542287
6542233
823981
2045397
5042924
6184125
2965455
1488708
2023731
780166
3831451
3865888
3448596
3408274
3739076
2446267
7650852
2476301
128231
8145341
6616795
713743
5606743
2031374
6086673
580432
3163079
3412589
3423146
2063032
2177990
214229
3407895
212731
8131484
1274987
1157277
3609667
7610358
1806875
2586401
866138
793142
7261046
6124776
1522605
1510960
1510118
1510421
